1   1   0.0579 0.1596

1   2   0.0579 0.1001

1   4   0.0579 0.0804

1   8   0.0579 0.0689

1   16   0.0579 0.0620

1   32   0.0579 0.0554

1   64   0.0579 0.0486

1   128   0.0579 0.0374

1   256   0.0579 0.0289

1   512   0.0579 0.0266

1   1024   0.0579 0.0264

1   2048   0.0579 0.0262

2   1   0.0194 0.1596

2   2   0.0194 0.1001

2   4   0.0194 0.0804

2   8   0.0194 0.0689

2   16   0.0194 0.0620

2   32   0.0194 0.0554

2   64   0.0194 0.0486

2   128   0.0194 0.0374

2   256   0.0194 0.0289

2   512   0.0194 0.0266

2   1024   0.0194 0.0264

2   2048   0.0194 0.0262

4   1   0.0121 0.1596

4   2   0.0121 0.1001

4   4   0.0121 0.0804

4   8   0.0121 0.0689

4   16   0.0121 0.0620

4   32   0.0121 0.0554

4   64   0.0121 0.0486

4   128   0.0121 0.0374

4   256   0.0121 0.0289

4   512   0.0121 0.0266

4   1024   0.0121 0.0264

4   2048   0.0121 0.0262
16   1   0.0120 0.1596

16   2   0.0120 0.1001

16   4   0.0120 0.0804

16   8   0.0120 0.0689

16   16   0.0120 0.0620

16   32   0.0120 0.0554

16   64   0.0120 0.0486

16   128   0.0120 0.0374

16   256   0.0120 0.0289

16   512   0.0120 0.0266

16   1024   0.0120 0.0264

16   2048   0.0120 0.0262

32   1   0.0120 0.1596

32   2   0.0120 0.1001

32   4   0.0120 0.0804

32   8   0.0120 0.0689

32   16   0.0120 0.0620

32   32   0.0120 0.0554

32   64   0.0120 0.0486

32   128   0.0120 0.0374

32   256   0.0120 0.0289

32   512   0.0120 0.0266

32   1024   0.0120 0.0264

32   2048   0.0120 0.0262

64   1   0.0000 0.1596

64   2   0.0000 0.1001

64   4   0.0000 0.0804

64   8   0.0000 0.0689

64   16   0.0000 0.0620

64   32   0.0000 0.0554

64   64   0.0000 0.0486

64   128   0.0000 0.0374

64   256   0.0000 0.0289

64   512   0.0000 0.0266

64   1024   0.0000 0.0264

64   2048   0.0000 0.0262

128   1   0.0000 0.1596

128   2   0.0000 0.1001

128   4   0.0000 0.0804

128   8   0.0000 0.0689

128   16   0.0000 0.0620

128   32   0.0000 0.0554

128   64   0.0000 0.0486

128   128   0.0000 0.0374

128   256   0.0000 0.0289

128   512   0.0000 0.0266

128   1024   0.0000 0.0264

128   2048   0.0000 0.0262

256   1   0.0000 0.1596

256   2   0.0000 0.1001

256   4   0.0000 0.0804

256   8   0.0000 0.0689

256   16   0.0000 0.0620

256   32   0.0000 0.0554

256   64   0.0000 0.0486

256   128   0.0000 0.0374

256   256   0.0000 0.0289

256   512   0.0000 0.0266

256   1024   0.0000 0.0264

256   2048   0.0000 0.0262

512   1   0.0000 0.1596

512   2   0.0000 0.1001

512   4   0.0000 0.0804

512   8   0.0000 0.0689

512   16   0.0000 0.0620

512   32   0.0000 0.0554

512   64   0.0000 0.0486

512   128   0.0000 0.0374

512   256   0.0000 0.0289

512   512   0.0000 0.0266

512   1024   0.0000 0.0264

512   2048   0.0000 0.0262

1024   1   0.0000 0.1596

1024   2   0.0000 0.1001

1024   4   0.0000 0.0804

1024   8   0.0000 0.0689

1024   16   0.0000 0.0620

1024   32   0.0000 0.0554

1024   64   0.0000 0.0486

1024   128   0.0000 0.0374

1024   256   0.0000 0.0289

1024   512   0.0000 0.0266

1024   1024   0.0000 0.0264

1024   2048   0.0000 0.0262

2048   1   0.0000 0.1596

2048   2   0.0000 0.1001

2048   4   0.0000 0.0804

2048   8   0.0000 0.0689

2048   16   0.0000 0.0620

2048   32   0.0000 0.0554

2048   64   0.0000 0.0486

2048   128   0.0000 0.0374

2048   256   0.0000 0.0289

2048   512   0.0000 0.0266

2048   1024   0.0000 0.0264

2048   2048   0.0000 0.0262

16   1   0.0000 0.0437

16   2   0.0000 0.0323

16   4   0.0000 0.0266

16   8   0.0000 0.0237

16   16   0.0000 0.0223

16   32   0.0000 0.0216

16   64   0.0000 0.0212

16   128   0.0000 0.0210

16   256   0.0000 0.0210

16   512   0.0000 0.0209

16   1024   0.0000 0.0209

16   2048   0.0000 0.0209

32   1   0.0000 0.0437

32   2   0.0000 0.0323

32   4   0.0000 0.0266

32   8   0.0000 0.0237

32   16   0.0000 0.0223

32   32   0.0000 0.0216

32   64   0.0000 0.0212

32   128   0.0000 0.0210

32   256   0.0000 0.0210

32   512   0.0000 0.0209

32   1024   0.0000 0.0209

32   2048   0.0000 0.0209

64   1   0.0000 0.0437

64   2   0.0000 0.0323

64   4   0.0000 0.0266

64   8   0.0000 0.0237

64   16   0.0000 0.0223

64   32   0.0000 0.0216

64   64   0.0000 0.0212

64   128   0.0000 0.0210

64   256   0.0000 0.0210

64   512   0.0000 0.0209

64   1024   0.0000 0.0209

64   2048   0.0000 0.0209

128   1   0.0000 0.0437

128   2   0.0000 0.0323

128   4   0.0000 0.0266

128   8   0.0000 0.0237

128   16   0.0000 0.0223

128   32   0.0000 0.0216

128   64   0.0000 0.0212

128   128   0.0000 0.0210

128   256   0.0000 0.0210

128   512   0.0000 0.0209

128   1024   0.0000 0.0209

128   2048   0.0000 0.0209

256   1   0.0000 0.0437

256   2   0.0000 0.0323

256   4   0.0000 0.0266

256   8   0.0000 0.0237

256   16   0.0000 0.0223

256   32   0.0000 0.0216

256   64   0.0000 0.0212

256   128   0.0000 0.0210

256   256   0.0000 0.0210

256   512   0.0000 0.0209

256   1024   0.0000 0.0209

256   2048   0.0000 0.0209

512   1   0.0000 0.0437

512   2   0.0000 0.0323

512   4   0.0000 0.0266

512   8   0.0000 0.0237

512   16   0.0000 0.0223

512   32   0.0000 0.0216

512   64   0.0000 0.0212

512   128   0.0000 0.0210

512   256   0.0000 0.0210

512   512   0.0000 0.0209

512   1024   0.0000 0.0209

512   2048   0.0000 0.0209

1024   1   0.0000 0.0437

1024   2   0.0000 0.0323

1024   4   0.0000 0.0266

1024   8   0.0000 0.0237

1024   16   0.0000 0.0223

1024   32   0.0000 0.0216

1024   64   0.0000 0.0212

1024   128   0.0000 0.0210

1024   256   0.0000 0.0210

1024   512   0.0000 0.0209

1024   1024   0.0000 0.0209

1024   2048   0.0000 0.0209

2048   1   0.0000 0.0437

2048   2   0.0000 0.0323

2048   4   0.0000 0.0266

2048   8   0.0000 0.0237

2048   16   0.0000 0.0223

2048   32   0.0000 0.0216

2048   64   0.0000 0.0212

2048   128   0.0000 0.0210

2048   256   0.0000 0.0210

2048   512   0.0000 0.0209

2048   1024   0.0000 0.0209

2048   2048   0.0000 0.0209

16   1   0.0000 0.2203

16   2   0.0000 0.0721

16   4   0.0000 0.0554

16   8   0.0000 0.0509

16   16   0.0000 0.0430

16   32   0.0000 0.0379

16   64   0.0000 0.0375

16   128   0.0000 0.0329

16   256   0.0000 0.0328

16   512   0.0000 0.0327

16   1024   0.0000 0.0325

16   2048   0.0000 0.0323

32   1   0.0000 0.2203

32   2   0.0000 0.0721

32   4   0.0000 0.0554

32   8   0.0000 0.0509

32   16   0.0000 0.0430

32   32   0.0000 0.0379

32   64   0.0000 0.0375

32   128   0.0000 0.0329

32   256   0.0000 0.0328

32   512   0.0000 0.0327

32   1024   0.0000 0.0325

32   2048   0.0000 0.0323

64   1   0.0000 0.2203

64   2   0.0000 0.0721

64   4   0.0000 0.0554

64   8   0.0000 0.0509

64   16   0.0000 0.0430

64   32   0.0000 0.0379

64   64   0.0000 0.0375

64   128   0.0000 0.0329

64   256   0.0000 0.0328

64   512   0.0000 0.0327

64   1024   0.0000 0.0325

64   2048   0.0000 0.0323

128   1   0.0000 0.2203

128   2   0.0000 0.0721

128   4   0.0000 0.0554

128   8   0.0000 0.0509

128   16   0.0000 0.0430

128   32   0.0000 0.0379

128   64   0.0000 0.0375

128   128   0.0000 0.0329

128   256   0.0000 0.0328

128   512   0.0000 0.0327

128   1024   0.0000 0.0325

128   2048   0.0000 0.0323

256   1   0.0000 0.2203

256   2   0.0000 0.0721

256   4   0.0000 0.0554

256   8   0.0000 0.0509

256   16   0.0000 0.0430

256   32   0.0000 0.0379

256   64   0.0000 0.0375

256   128   0.0000 0.0329

256   256   0.0000 0.0328

256   512   0.0000 0.0327

256   1024   0.0000 0.0325

256   2048   0.0000 0.0323

512   1   0.0000 0.2203

512   2   0.0000 0.0721

512   4   0.0000 0.0554

512   8   0.0000 0.0509

512   16   0.0000 0.0430

512   32   0.0000 0.0379

